T TK DISP VOLM LCB VCB LCF TPC MTC KML KMT
3.00 3.018 16828.3 16300.5 119.815 1.535 119.08 59.3 767.0 997.442 28.491
3.05 3.068 17124.9 16589.5 119.802 1.561 119.05 59.4 769.1 982.831 28.099
3.10 3.118 17421.9 16878.8 119.789 1.587 119.03 59.4 771.1 968.668 27.720
3.15 3.168 17719.2 17168.4 119.776 1.613 119.00 59.5 773.1 954.930 27.353
3.20 3.218 18016.8 17458.3 119.762 1.638 118.98 59.5 775.1 941.605 26.999
3.25 3.268 18314.7 17748.5 119.749 1.664 118.95 59.6 777.0 928.672 26.656
3.30 3.318 18612.9 18039.0 119.736 1.690 118.93 59.7 778.9 916.109 26.324
3.35 3.368 18911.4 18329.8 119.723 1.716 118.90 59.7 780.9 903.911 26.003
3.40 3.418 19210.3 18621.0 119.710 1.742 118.88 59.8 782.8 892.052 25.692
3.45 3.468 19509.4 18912.4 119.697 1.768 118.85 59.8 784.6 880.518 25.390
3.50 3.518 19808.8 19204.0 119.684 1.793 118.82 59.9 786.5 869.308 25.098
3.55 3.568 20108.5 19496.0 119.671 1.819 118.80 60.0 788.3 858.398 24.814
3.60 3.618 20408.5 19788.3 119.658 1.845 118.77 60.0 790.1 847.778 24.539
3.65 3.668 20708.8 20080.8 119.645 1.871 118.74 60.1 791.9 837.445 24.273
3.70 3.718 21009.4 20373.6 119.631 1.897 118.71 60.1 793.7 827.379 24.014
3.75 3.768 21310.2 20666.7 119.618 1.922 118.68 60.2 795.5 817.577 23.762
3.80 3.818 21611.3 20960.0 119.605 1.948 118.65 60.2 797.3 808.021 23.518
3.85 3.868 21912.7 21253.7 119.592 1.974 118.62 60.3 799.0 798.708 23.281
3.90 3.918 22214.4 21547.5 119.578 2.000 118.59 60.4 800.8 789.631 23.050
3.95 3.968 22516.4 21841.7 119.565 2.026 118.56 60.4 802.5 780.772 22.826
4.00 4.018 22818.6 22136.1 119.552 2.051 118.53 60.5 804.2 772.132 22.609
4.05 4.068 23121.0 22430.8 119.538 2.077 118.50 60.5 805.9 763.701 22.397
4.10 4.118 23423.8 22725.7 119.524 2.103 118.47 60.6 807.6 755.475 22.191
4.15 4.168 23726.8 23020.9 119.511 2.129 118.44 60.6 809.3 747.441 21.990
4.20 4.218 24030.0 23316.3 119.497 2.155 118.40 60.7 811.0 739.587 21.795
4.25 4.268 24333.5 23612.0 119.484 2.181 118.37 60.7 812.7 731.905 21.605
4.30 4.318 24637.3 23907.9 119.470 2.206 118.34 60.8 814.3 724.394 21.420
4.35 4.368 24941.3 24204.1 119.456 2.232 118.30 60.8 816.0 717.068 21.240
4.40 4.418 25245.5 24500.5 119.442 2.258 118.26 60.9 817.6 709.901 21.065
4.45 4.468 25550.0 24797.1 119.428 2.284 118.23 60.9 819.3 702.903 20.894
4.50 4.518 25854.8 25094.0 119.414 2.310 118.19 61.0 820.9 696.063 20.727
4.55 4.568 26159.8 25391.1 119.400 2.336 118.15 61.0 822.6 689.382 20.565
4.60 4.618 26465.0 25688.5 119.386 2.361 118.11 61.1 824.2 682.850 20.406
4.65 4.668 26770.5 25986.1 119.371 2.387 118.07 61.1 825.9 676.465 20.252
4.70 4.718 27076.2 26284.0 119.357 2.413 118.03 61.2 827.5 670.227 20.101
4.75 4.768 27382.2 26582.1 119.342 2.439 117.99 61.2 829.2 664.125 19.954
4.80 4.818 27688.5 26880.5 119.327 2.465 117.95 61.3 830.9 658.163 19.811
4.85 4.868 27995.0 27179.1 119.313 2.491 117.91 61.3 832.6 652.339 19.671
4.90 4.918 28301.7 27477.9 119.298 2.516 117.87 61.4 834.3 646.636 19.534
4.95 4.968 28608.7 27776.9 119.283 2.542 117.82 61.4 836.0 641.065 19.401
5.00 5.018 28915.9 28076.3 119.267 2.568 117.78 61.5 837.8 635.618 19.271
5.05 5.068 29223.4 28375.8 119.252 2.594 117.73 61.5 839.5 630.288 19.143
5.10 5.118 29531.1 28675.6 119.237 2.620 117.68 61.6 841.3 625.075 19.019
5.15 5.168 29839.0 28975.6 119.221 2.646 117.64 61.6 843.0 619.976 18.898
5.20 5.218 30147.2 29275.8 119.206 2.672 117.59 61.7 844.8 614.982 18.780
5.25 5.268 30455.7 29578.3 119.190 2.697 117.54 61.7 846.6 610.097 18.664
5.30 5.318 30766.6 29879.2 119.166 2.723 117.49 61.8 848.4 605.261 18.549
5.35 5.368 31075.7 30180.3 119.149 2.749 117.44 61.8 850.2 600.571 18.439
5.40 5.418 31385.1 30481.7 119.132 2.775 117.39 61.9 852.1 595.985 18.331
5.45 5.468 31694.7 30783.4 119.115 2.801 117.33 61.9 853.9 591.490 18.225
5.50 5.518 32004.6 31085.3 119.098 2.827 117.28 62.0 855.8 587.092 18.121
5.55 5.568 32314.8 31387.5 119.080 2.853 117.23 62.1 857.7 582.783 18.020
5.60 5.618 32625.2 31689.9 119.062 2.879 117.17 62.1 859.6 578.559 17.921
5.65 5.668 32935.9 31992.6 119.045 2.905 117.11 62.2 861.5 574.426 17.825
5.70 5.718 33246.9 32295.6 119.026 2.931 117.06 62.2 863.4 570.376 17.730
5.75 5.768 33558.1 32598.7 119.008 2.956 117.00 62.3 865.4 566.400 17.637
5.80 5.818 33869.6 32902.2 118.990 2.982 116.94 62.3 867.3 562.507 17.547
5.85 5.868 34181.3 33205.9 118.971 3.008 116.88 62.4 869.3 558.693 17.458
5.90 5.918 34493.4 33509.9 118.952 3.034 116.82 62.4 871.3 554.948 17.371
5.95 5.968 34805.6 33814.1 118.933 3.060 116.76 62.5 873.3 551.281 17.286
6.00 6.018 35118.2 34118.6 118.913 3.086 116.70 62.5 875.3 547.681 17.203
6.05 6.068 35431.0 34423.4 118.894 3.112 116.64 62.6 877.3 544.150 17.122
6.10 6.118 35744.1 34728.4 118.874 3.138 116.58 62.6 879.4 540.688 17.042
6.15 6.168 36057.4 35033.7 118.854 3.164 116.51 62.7 881.4 537.289 16.964
6.20 6.218 36371.1 35339.2 118.834 3.190 116.45 62.7 883.5 533.950 16.888
6.25 6.268 36684.9 35645.0 118.813 3.216 116.38 62.8 885.6 530.678 16.813
6.30 6.318 36999.1 35951.1 118.792 3.242 116.32 62.8 887.7 527.457 16.740
6.35 6.368 37313.6 36257.4 118.772 3.268 116.25 62.9 889.8 524.295 16.668
6.40 6.418 37628.3 36564.0 118.750 3.294 116.19 63.0 891.9 521.196 16.598
6.45 6.468 37943.2 36870.9 118.729 3.320 116.12 63.0 894.0 518.144 16.529
6.50 6.518 38258.5 37178.0 118.708 3.346 116.05 63.1 896.2 515.152 16.461
6.55 6.568 38574.0 37485.4 118.686 3.372 115.99 63.1 898.3 512.217 16.395
6.60 6.618 38889.7 37793.0 118.663 3.398 115.92 63.2 900.5 509.335 16.331
6.65 6.668 39205.7 38100.9 118.641 3.424 115.85 63.2 902.7 506.495 16.267
6.70 6.718 39522.0 38409.0 118.618 3.450 115.78 63.3 904.8 503.698 16.205
6.75 6.768 39838.6 38717.4 118.595 3.476 115.71 63.3 907.0 500.946 16.144
6.80 6.818 40155.4 39026.1 118.572 3.502 115.64 63.4 909.2 498.237 16.085
6.85 6.868 40472.5 39335.0 118.549 3.528 115.57 63.4 911.4 495.580 16.027
6.90 6.918 40789.9 39644.2 118.526 3.554 115.50 63.5 913.6 492.960 15.969
6.95 6.968 41107.6 39953.7 118.502 3.580 115.42 63.6 915.8 490.381 15.913
7.00 7.018 41425.4 40263.4 118.478 3.606 115.35 63.6 918.1 487.846 15.858
7.05 7.068 41743.7 40573.4 118.454 3.632 115.28 63.7 920.3 485.346 15.805
7.10 7.118 42062.1 40883.7 118.429 3.658 115.21 63.7 922.5 482.885 15.752
7.15 7.168 42380.9 41194.2 118.405 3.684 115.13 63.8 924.8 480.460 15.700
7.20 7.218 42699.9 41505.1 118.380 3.710 115.06 63.8 927.0 478.070 15.650
7.25 7.268 43019.2 41816.1 118.355 3.736 114.98 63.9 929.3 475.715 15.600
7.30 7.318 43338.8 42127.5 118.330 3.763 114.91 63.9 931.5 473.393 15.552
7.35 7.368 43658.7 42439.1 118.304 3.789 114.83 64.0 933.8 471.116 15.504
7.40 7.418 43978.9 42751.1 118.279 3.815 114.75 64.0 936.1 468.876 15.458
7.45 7.468 44299.4 43063.3 118.253 3.841 114.68 64.1 938.4 466.679 15.412
7.50 7.518 44620.1 43375.8 118.227 3.867 114.60 64.2 940.7 464.523 15.367
7.55 7.568 44941.1 43688.6 118.201 3.893 114.52 64.2 943.1 462.400 15.324
7.60 7.618 45262.4 44001.6 118.174 3.919 114.44 64.3 945.4 460.319 15.281
7.65 7.668 45584.0 44314.9 118.148 3.945 114.36 64.3 947.8 458.273 15.239
7.70 7.718 45904.0 44626.6 118.125 3.972 114.28 64.4 950.3 456.289 15.198
7.75 7.768 46226.3 44940.6 118.098 3.998 114.20 64.4 952.7 454.324 15.157
7.80 7.818 46548.9 45254.8 118.070 4.024 114.11 64.5 955.2 452.384 15.118
7.85 7.868 46871.7 45569.3 118.043 4.050 114.03 64.6 957.6 450.474 15.079
7.90 7.918 47194.8 45884.1 118.015 4.076 113.95 64.6 960.1 448.591 15.041
7.95 7.968 47518.2 46199.1 117.986 4.102 113.86 64.7 962.6 446.725 15.004
8.00 8.018 47841.8 46514.4 117.958 4.129 113.78 64.7 965.0 444.877 14.968
8.05 8.068 48165.6 46829.9 117.930 4.155 113.70 64.8 967.5 443.055 14.932
8.10 8.118 48489.8 47145.7 117.901 4.181 113.62 64.8 970.0 441.263 14.897
8.15 8.168 48814.3 47461.8 117.872 4.207 113.53 64.9 972.6 439.546 14.863
8.20 8.218 49139.0 47778.2 117.843 4.233 113.44 65.0 975.2 437.852 14.829
8.25 8.268 49464.0 48094.9 117.814 4.260 113.36 65.0 977.8 436.172 14.796
8.30 8.318 49789.3 48411.7 117.784 4.286 113.27 65.1 980.3 434.502 14.764
8.35 8.368 50114.8 48728.8 117.755 4.312 113.19 65.1 982.9 432.839 14.733
8.40 8.418 50440.6 49046.2 117.725 4.338 113.10 65.2 985.5 431.227 14.702
8.45 8.468 50766.7 49363.9 117.695 4.365 113.01 65.2 988.1 429.636 14.672
8.50 8.518 51093.1 49681.9 117.665 4.391 112.92 65.3 990.7 428.059 14.642
8.55 8.568 51419.8 50000.2 117.634 4.417 112.84 65.4 993.3 426.497 14.613
8.60 8.618 51746.8 50318.8 117.604 4.443 112.75 65.4 995.9 424.959 14.585
8.65 8.668 52074.1 50637.6 117.573 4.470 112.66 65.5 998.5 423.440 14.557
8.70 8.718 52401.6 50956.7 117.542 4.496 112.57 65.5 1001.2 421.977 14.530
8.75 8.768 52729.4 51276.0 117.511 4.522 112.48 65.6 1004.0 420.558 14.503
8.80 8.818 53057.5 51595.6 117.480 4.548 112.39 65.7 1006.7 419.134 14.478
8.85 8.868 53386.0 51915.6 117.448 4.575 112.30 65.7 1009.4 417.721 14.452
8.90 8.918 53714.7 52235.9 117.416 4.601 112.21 65.8 1012.2 416.328 14.427
8.95 8.968 54043.7 52556.4 117.384 4.627 112.12 65.8 1014.9 414.947 14.403
9.00 9.018 54373.0 52877.2 117.352 4.654 112.03 65.9 1017.6 413.578 14.379
9.05 9.068 54702.7 53198.4 117.320 4.680 111.94 66.0 1020.3 412.209 14.356
9.10 9.118 55032.6 53519.8 117.287 4.706 111.85 66.0 1022.9 410.847 14.333
9.15 9.168 55362.7 53841.4 117.254 4.733 111.76 66.1 1025.6 409.507 14.311
9.20 9.218 55693.1 54163.3 117.221 4.759 111.67 66.1 1028.4 408.228 14.289
9.25 9.268 56023.8 54485.4 117.188 4.786 111.57 66.2 1031.2 406.967 14.268
9.30 9.318 56354.8 54807.9 117.155 4.812 111.48 66.2 1033.9 405.672 14.247
9.35 9.368 56686.1 55130.6 117.121 4.838 111.39 66.3 1036.5 404.378 14.227
9.40 9.418 57017.7 55453.7 117.087 4.865 111.30 66.4 1039.2 403.105 14.208
9.45 9.468 57349.6 55777.0 117.054 4.891 111.21 66.4 1041.9 401.853 14.188
9.50 9.518 57681.8 56100.6 117.019 4.917 111.12 66.5 1044.6 400.610 14.169
9.55 9.568 58014.2 56424.5 116.985 4.944 111.03 66.5 1047.2 399.354 14.151
9.60 9.618 58347.0 56748.7 116.951 4.970 110.94 66.6 1049.8 398.101 14.133
9.65 9.668 58680.0 57073.2 116.916 4.997 110.85 66.6 1052.5 396.892 14.116
9.70 9.718 59013.3 57397.9 116.882 5.023 110.76 66.7 1055.4 395.774 14.099
9.75 9.768 59346.8 57722.8 116.847 5.050 110.66 66.8 1058.2 394.646 14.082
9.80 9.818 59680.7 58048.0 116.812 5.076 110.58 66.8 1060.8 393.448 14.066
9.85 9.868 60014.9 58373.6 116.777 5.102 110.49 66.9 1063.4 392.250 14.050
9.90 9.918 60349.3 58699.4 116.742 5.129 110.40 66.9 1066.0 391.087 14.034
9.95 9.968 60684.0 59025.5 116.706 5.155 110.31 67.0 1068.7 389.953 14.019
10.00 10.018 61019.0 59351.9 116.671 5.182 110.22 67.0 1071.3 388.801 14.005
10.05 10.068 61354.3 59678.5 116.635 5.208 110.14 67.1 1073.9 387.639 13.991
10.10 10.118 61689.9 60005.4 116.599 5.235 110.05 67.1 1076.4 386.475 13.977
10.15 10.168 62025.7 60332.6 116.564 5.261 109.96 67.2 1079.1 385.404 13.963
10.20 10.218 62361.8 60660.0 116.528 5.288 109.86 67.3 1082.0 384.391 13.950
10.25 10.268 62698.1 60987.7 116.492 5.314 109.77 67.3 1084.8 383.356 13.937
10.30 10.318 63034.7 61315.6 116.456 5.341 109.69 67.4 1087.3 382.235 13.925
10.35 10.368 63371.7 61643.9 116.419 5.367 109.60 67.4 1089.8 381.111 13.913
10.40 10.418 63708.9 61972.4 116.383 5.394 109.51 67.5 1092.4 380.050 13.901
10.45 10.468 64046.3 62301.2 116.346 5.420 109.43 67.5 1094.7 378.885 13.890
10.50 10.518 64384.1 62630.3 116.310 5.447 109.35 67.6 1096.9 377.710 13.879
10.55 10.568 64722.2 62959.7 116.274 5.473 109.28 67.6 1099.1 376.513 13.868
10.60 10.618 65060.4 63289.2 116.237 5.500 109.22 67.7 1101.1 375.291 13.858
10.65 10.668 65398.9 63619.0 116.201 5.526 109.15 67.7 1103.0 374.055 13.848
10.70 10.718 65737.6 63949.0 116.165 5.553 109.09 67.7 1104.9 372.811 13.838
10.75 10.768 66076.5 64279.2 116.129 5.579 109.03 67.8 1106.8 371.557 13.829
10.80 10.818 66415.6 64609.6 116.092 5.606 108.97 67.8 1108.5 370.298 13.819
10.85 10.868 66754.9 64940.2 116.056 5.632 108.92 67.9 1110.2 369.033 13.811
10.90 10.918 67094.3 65270.9 116.020 5.659 108.86 67.9 1111.9 367.769 13.802
10.95 10.968 67434.0 65601.8 115.984 5.685 108.81 67.9 1113.5 366.498 13.794
11.00 11.018 67773.8 65932.9 115.948 5.712 108.75 68.0 1115.1 365.228 13.786
11.05 11.068 68113.8 66264.2 115.912 5.738 108.70 68.0 1116.7 363.958 13.778
11.10 11.118 68454.0 66595.7 115.876 5.765 108.65 68.0 1118.2 362.686 13.770
11.15 11.168 68794.3 66927.3 115.841 5.792 108.60 68.1 1119.7 361.419 13.763
11.20 11.218 69134.8 67259.0 115.805 5.818 108.56 68.1 1121.1 360.149 13.756
11.25 11.268 69475.5 67591.0 115.770 5.845 108.51 68.1 1122.5 358.883 13.750
11.30 11.318 69816.4 67923.1 115.734 5.871 108.47 68.2 1123.9 357.620 13.743
11.35 11.368 70157.3 68255.3 115.699 5.898 108.42 68.2 1125.3 356.359 13.737
11.40 11.418 70498.4 68587.5 115.664 5.924 108.38 68.2 1126.6 355.101 13.731
11.45 11.468 70839.5 68920.0 115.629 5.951 108.34 68.2 1127.9 353.848 13.725
11.50 11.518 71180.9 69252.5 115.594 5.977 108.29 68.3 1129.2 352.596 13.720
11.55 11.568 71522.3 69585.2 115.559 6.003 108.25 68.3 1130.4 351.349 13.715
11.60 11.618 71863.9 69918.1 115.524 6.030 108.21 68.3 1131.7 350.107 13.710
11.65 11.668 72205.6 70251.1 115.489 6.056 108.18 68.4 1132.9 348.866 13.705
11.70 11.718 72547.5 70584.1 115.455 6.083 108.14 68.4 1134.0 347.628 13.701
11.75 11.768 72889.5 70917.3 115.420 6.109 108.10 68.4 1135.1 346.389 13.696
11.80 11.818 73231.5 71250.7 115.386 6.136 108.06 68.4 1136.2 345.143 13.692
11.85 11.868 73573.8 71584.1 115.352 6.162 108.03 68.5 1137.4 343.948 13.689
11.90 11.918 73916.1 71917.7 115.318 6.189 108.00 68.5 1138.6 342.762 13.685
11.95 11.968 74258.6 72251.5 115.284 6.215 107.96 68.5 1139.8 341.579 13.682
12.00 12.018 74601.2 72585.3 115.250 6.242 107.93 68.5 1140.9 340.400 13.679
12.05 12.068 74944.0 72919.3 115.217 6.268 107.90 68.6 1142.0 339.230 13.676
12.10 12.118 75286.9 73253.4 115.183 6.295 107.87 68.6 1143.1 338.063 13.673
12.15 12.168 75629.9 73587.6 115.150 6.321 107.85 68.6 1144.2 336.902 13.670
12.20 12.218 75973.0 73921.9 115.117 6.347 107.82 68.6 1145.3 335.747 13.668
12.25 12.268 76316.2 74256.4 115.084 6.374 107.79 68.7 1146.4 334.597 13.666
12.30 12.318 76659.6 74591.0 115.052 6.400 107.77 68.7 1147.4 333.453 13.664
12.35 12.368 77003.0 74925.6 115.019 6.427 107.74 68.7 1148.5 332.315 13.662
12.40 12.418 77346.6 75260.4 114.987 6.453 107.72 68.7 1149.5 331.181 13.661
12.45 12.468 77690.4 75595.3 114.954 6.480 107.69 68.8 1150.5 330.054 13.659
12.50 12.518 78034.2 75930.4 114.922 6.506 107.67 68.8 1151.5 328.934 13.658
12.55 12.568 78378.1 76265.5 114.890 6.532 107.64 68.8 1152.5 327.816 13.657
12.60 12.618 78722.1 76600.7 114.859 6.559 107.62 68.8 1153.4 326.706 13.656
12.65 12.668 79066.3 76936.0 114.827 6.585 107.60 68.8 1154.4 325.603 13.655
12.70 12.718 79410.5 77271.5 114.796 6.612 107.58 68.9 1155.3 324.503 13.655
12.75 12.768 79754.9 77607.0 114.765 6.638 107.56 68.9 1156.3 323.410 13.655
12.80 12.818 80099.3 77942.7 114.734 6.664 107.54 68.9 1157.2 322.325 13.655
12.85 12.868 80443.8 78278.4 114.703 6.691 107.52 68.9 1158.1 321.243 13.655
12.90 12.918 80788.5 78614.3 114.672 6.717 107.50 68.9 1159.0 320.167 13.655
12.95 12.968 81133.3 78950.2 114.642 6.744 107.49 69.0 1159.8 319.097 13.655
13.00 13.018 81478.1 79286.2 114.611 6.770 107.47 69.0 1160.7 318.032 13.656
13.05 13.068 81823.1 79622.4 114.581 6.796 107.45 69.0 1161.5 316.973 13.656
13.10 13.118 82168.1 79958.5 114.551 6.823 107.44 69.0 1162.4 315.922 13.657
13.15 13.168 82513.3 80294.9 114.521 6.849 107.42 69.0 1163.2 314.873 13.658
13.20 13.218 82858.5 80631.2 114.492 6.875 107.41 69.1 1164.0 313.831 13.660
13.25 13.268 83203.7 80967.8 114.462 6.902 107.39 69.1 1164.8 312.796 13.661
13.30 13.318 83549.1 81304.3 114.433 6.928 107.38 69.1 1165.6 311.765 13.662
13.35 13.368 83894.7 81640.9 114.404 6.954 107.36 69.1 1166.4 310.740 13.664
13.40 13.418 84240.2 81977.7 114.375 6.981 107.35 69.1 1167.2 309.722 13.666
13.45 13.468 84585.9 82314.6 114.346 7.007 107.34 69.1 1167.9 308.708 13.668
13.50 13.518 84931.6 82651.4 114.318 7.033 107.33 69.2 1168.7 307.699 13.670
13.55 13.568 85277.5 82988.4 114.289 7.060 107.32 69.2 1169.4 306.697 13.672
13.60 13.618 85623.4 83325.5 114.261 7.086 107.31 69.2 1170.2 305.699 13.674
13.65 13.668 85969.4 83662.6 114.233 7.112 107.30 69.2 1170.9 304.708 13.677
13.70 13.718 86315.4 83999.9 114.205 7.139 107.29 69.2 1171.6 303.725 13.680
13.75 13.768 86661.6 84337.2 114.178 7.165 107.28 69.2 1172.3 302.746 13.682
13.80 13.818 87007.8 84674.5 114.150 7.191 107.27 69.3 1173.0 301.772 13.685
13.85 13.868 87354.1 85012.0 114.123 7.218 107.26 69.3 1173.7 300.804 13.688
13.90 13.918 87700.5 85349.5 114.096 7.244 107.25 69.3 1174.4 299.842 13.692
13.95 13.968 88046.9 85687.1 114.069 7.270 107.25 69.3 1175.1 298.885 13.695
14.00 14.018 88393.5 86024.8 114.042 7.296 107.24 69.3 1175.8 297.933 13.699
14.05 14.068 88740.1 86362.5 114.016 7.323 107.23 69.3 1176.4 296.987 13.702
14.10 14.118 89086.8 86700.3 113.989 7.349 107.23 69.3 1177.1 296.046 13.706
14.15 14.168 89433.5 87038.2 113.963 7.375 107.22 69.4 1177.7 295.110 13.710
14.20 14.218 89780.4 87376.2 113.937 7.402 107.22 69.4 1178.4 294.180 13.714
14.25 14.268 90127.3 87714.2 113.911 7.428 107.21 69.4 1179.0 293.254 13.718
14.30 14.318 90474.2 88052.4 113.885 7.454 107.21 69.4 1179.6 292.333 13.722
14.35 14.368 90821.1 88390.5 113.860 7.480 107.20 69.4 1180.2 291.418 13.726
14.40 14.418 91168.3 88728.7 113.834 7.507 107.20 69.4 1180.8 290.507 13.731
14.45 14.468 91515.4 89067.0 113.809 7.533 107.20 69.4 1181.4 289.602 13.736
14.50 14.518 91862.6 89405.3 113.784 7.559 107.20 69.4 1182.0 288.702 13.740
14.55 14.568 92209.9 89743.7 113.759 7.585 107.20 69.5 1182.6 287.806 13.745
14.60 14.618 92557.3 90082.2 113.735 7.612 107.19 69.5 1183.1 286.914 13.750
14.65 14.668 92904.7 90420.8 113.710 7.638 107.19 69.5 1183.7 286.028 13.755
14.70 14.718 93252.1 90759.3 113.686 7.664 107.19 69.5 1184.2 285.147 13.760
14.75 14.768 93599.7 91098.0 113.662 7.690 107.19 69.5 1184.8 284.269 13.766
14.80 14.818 93947.2 91436.6 113.638 7.716 107.19 69.5 1185.3 283.396 13.771
14.85 14.868 94294.9 91775.5 113.614 7.743 107.19 69.5 1185.8 282.528 13.777
14.90 14.918 94642.5 92114.2 113.591 7.769 107.19 69.5 1186.4 281.664 13.782
14.95 14.968 94990.3 92453.1 113.567 7.795 107.20 69.6 1186.9 280.804 13.788
15.00 15.018 95338.0 92792.0 113.544 7.821 107.20 69.6 1187.4 279.948 13.794
15.05 15.068 95685.9 93131.0 113.521 7.847 107.20 69.6 1187.9 279.097 13.800
15.10 15.118 96033.8 93469.9 113.498 7.874 107.20 69.6 1188.3 278.250 13.806
15.15 15.168 96381.8 93809.0 113.475 7.900 107.21 69.6 1188.8 277.407 13.812
15.20 15.218 96729.8 94148.1 113.453 7.926 107.21 69.6 1189.3 276.569 13.818
15.25 15.268 97077.8 94487.3 113.430 7.952 107.21 69.6 1189.7 275.734 13.824
15.30 15.318 97426.0 94826.5 113.408 7.978 107.22 69.6 1190.2 274.904 13.831
15.35 15.368 97774.1 95165.7 113.386 8.004 107.22 69.6 1190.6 274.077 13.837
15.40 15.418 98122.2 95505.0 113.364 8.031 107.23 69.6 1191.0 273.255 13.844
15.45 15.468 98470.5 95844.4 113.343 8.057 107.23 69.7 1191.5 272.436 13.851
15.50 15.518 98818.8 96183.7 113.321 8.083 107.24 69.7 1191.9 271.621 13.857
15.55 15.568 99167.1 96523.2 113.300 8.109 107.24 69.7 1192.3 270.810 13.864
15.60 15.618 99515.5 96862.6 113.278 8.135 107.25 69.7 1192.7 270.003 13.871
15.65 15.668 99863.8 97202.1 113.257 8.161 107.26 69.7 1193.0 269.198 13.878
15.70 15.718 100212.3 97541.6 113.237 8.187 107.26 69.7 1193.4 268.398 13.886
15.75 15.768 100560.7 97881.3 113.216 8.214 107.27 69.7 1193.8 267.602 13.893
15.80 15.818 100909.3 98220.8 113.195 8.240 107.28 69.7 1194.1 266.809 13.900
15.85 15.868 101257.8 98560.5 113.175 8.266 107.29 69.7 1194.5 266.018 13.908
15.90 15.918 101606.5 98900.1 113.155 8.292 107.29 69.7 1194.8 265.232 13.915
15.95 15.968 101955.0 99239.9 113.135 8.318 107.30 69.7 1195.1 264.451 13.923
16.00 16.018 102303.7 99579.6 113.115 8.344 107.31 69.7 1195.5 263.674 13.931
16.05 16.068 102652.3 99919.4 113.095 8.370 107.32 69.7 1195.8 262.899 13.938
16.10 16.118 103001.1 100259.2 113.076 8.396 107.33 69.7 1196.1 262.130 13.946
16.15 16.168 103349.9 100599.1 113.056 8.422 107.34 69.8 1196.4 261.366 13.954
16.20 16.218 103698.6 100938.9 113.037 8.448 107.35 69.8 1196.7 260.607 13.962
16.25 16.268 104047.4 101278.8 113.018 8.474 107.36 69.8 1197.0 259.854 13.971
16.30 16.318 104396.2 101618.8 112.999 8.501 107.37 69.8 1197.4 259.106 13.979
16.35 16.368 104745.2 101958.8 112.980 8.527 107.38 69.8 1197.7 258.363 13.988
16.40 16.418 105094.1 102298.8 112.962 8.553 107.39 69.8 1198.0 257.625 13.996
16.45 16.468 105443.0 102638.8 112.943 8.579 107.40 69.8 1198.3 256.893 14.005
16.50 16.518 105792.0 102978.8 112.925 8.605 107.41 69.8 1198.6 256.170 14.014
16.55 16.568 106141.0 103318.9 112.907 8.631 107.42 69.8 1199.1 255.473 14.023
16.60 16.618 106490.0 103659.0 112.889 8.657 107.43 69.8 1199.5 254.769 14.032
16.65 16.668 106839.1 103999.2 112.871 8.683 107.44 69.8 1199.8 254.068 14.041
16.70 16.718 107188.2 104339.4 112.854 8.709 107.45 69.8 1200.2 253.370 14.050
16.75 16.768 107537.4 104679.6 112.836 8.735 107.47 69.8 1200.6 252.676 14.059
16.80 16.818 107886.5 105019.9 112.819 8.761 107.48 69.8 1200.9 251.986 14.069
16.85 16.868 108235.8 105360.1 112.801 8.787 107.49 69.9 1201.3 251.300 14.078
16.90 16.918 108585.0 105700.5 112.784 8.813 107.50 69.9 1201.7 250.619 14.088
16.95 16.968 108934.3 106040.8 112.767 8.839 107.51 69.9 1202.0 249.943 14.098
17.00 17.018 109283.7 106381.3 112.750 8.865 107.52 69.9 1202.4 249.271 14.108 
